[gd_scene load_steps=11 format=3 uid="uid://cqc8oqpv23gi1"]

[ext_resource type="PackedScene" uid="uid://c4xenhkdyble2" path="res://assets/steve.tscn" id="1_7utwx"]
[ext_resource type="Script" path="res://scripts/steve.gd" id="2_jnbub"]

[sub_resource type="ProceduralSkyMaterial" id="ProceduralSkyMaterial_kibfi"]
sky_horizon_color = Color(0.64625, 0.65575, 0.67075, 1)
ground_horizon_color = Color(0.64625, 0.65575, 0.67075, 1)

[sub_resource type="Sky" id="Sky_7d8bg"]
sky_material = SubResource("ProceduralSkyMaterial_kibfi")

[sub_resource type="Environment" id="Environment_oagj5"]
background_mode = 2
sky = SubResource("Sky_7d8bg")
tonemap_mode = 1
ssao_enabled = true
glow_enabled = true

[sub_resource type="BoxShape3D" id="BoxShape3D_p6cqt"]

[sub_resource type="BoxMesh" id="BoxMesh_es7rj"]

[sub_resource type="BoxShape3D" id="BoxShape3D_m7fof"]
size = Vector3(30, 2, 30)

[sub_resource type="StandardMaterial3D" id="StandardMaterial3D_c0nqs"]
albedo_color = Color(0.345098, 0.603922, 1, 1)

[sub_resource type="BoxMesh" id="BoxMesh_yf5ne"]
material = SubResource("StandardMaterial3D_c0nqs")
size = Vector3(30, 2, 30)

[node name="Level" type="Node3D"]

[node name="DirectionalLight3D" type="DirectionalLight3D" parent="."]
transform = Transform3D(-0.866024, -0.433016, 0.250001, 0, 0.499998, 0.866026, -0.500003, 0.749999, -0.43301, 0, 12.5534, 0)
shadow_enabled = true

[node name="WorldEnvironment" type="WorldEnvironment" parent="."]
environment = SubResource("Environment_oagj5")

[node name="Box" type="RigidBody3D" parent="."]
transform = Transform3D(1, 0, 0, 0, 1, 0, 0, 0, 1, 6.58948, 4.14088, 0)

[node name="CollisionShape3D" type="CollisionShape3D" parent="Box"]
transform = Transform3D(1, 0, 0, 0, 0.741929, -0.670478, 0, 0.670478, 0.741929, 0, 0.00292969, 0)
shape = SubResource("BoxShape3D_p6cqt")

[node name="MeshInstance3D" type="MeshInstance3D" parent="Box"]
transform = Transform3D(1, 0, 0, 0, 0.727449, -0.686161, 0, 0.686161, 0.727449, 0, 0, 0)
mesh = SubResource("BoxMesh_es7rj")

[node name="Floor" type="StaticBody3D" parent="."]
transform = Transform3D(1, 0, 0, 0, 1, 0, 0, 0, 1, 0, -1.11788, 0)

[node name="CollisionShape3D" type="CollisionShape3D" parent="Floor"]
shape = SubResource("BoxShape3D_m7fof")

[node name="MeshInstance3D" type="MeshInstance3D" parent="Floor"]
mesh = SubResource("BoxMesh_yf5ne")

[node name="Steve" parent="." instance=ExtResource("1_7utwx")]
transform = Transform3D(1, 0, 0, 0, 1, 0, 0, 0, 1, 0, 0.81758, 0)
script = ExtResource("2_jnbub")

[node name="Camera3D" type="Camera3D" parent="Steve"]
transform = Transform3D(1, 0, 0, 0, 0.955875, 0.293773, 0, -0.293773, 0.955875, 0.0221875, 6.02297, 16.9979)
